% Intrinsic and Extrinsic Camera Parameters
%
% This script file can be directly executed under Matlab to recover the camera intrinsic and extrinsic parameters.
% IMPORTANT: This file contains neither the structure of the calibration objects nor the image coordinates of the calibration points.
%            All those complementary variables are saved in the complete matlab data file Calib_Results.mat.
% For more information regarding the calibration model visit http://www.vision.caltech.edu/bouguetj/calib_doc/


%-- Focal length:
fc = [ 3199.662448020890224 ; 3230.040937391280295 ];

%-- Principal point:
cc = [ 2043.229027692882255 ; 1694.295672930583805 ];

%-- Skew coefficient:
alpha_c = 0.000000000000000;

%-- Distortion coefficients:
kc = [ 0.267278608035555 ; -0.554125039311197 ; 0.035954583367707 ; 0.001845396305438 ; 0.000000000000000 ];

%-- Focal length uncertainty:
fc_error = [ 18.801960149181351 ; 21.604264113943280 ];

%-- Principal point uncertainty:
cc_error = [ 16.542443117565050 ; 18.848187793399706 ];

%-- Skew coefficient uncertainty:
alpha_c_error = 0.000000000000000;

%-- Distortion coefficients uncertainty:
kc_error = [ 0.016852645192902 ; 0.077707239032513 ; 0.002924564024533 ; 0.002399256358595 ; 0.000000000000000 ];

%-- Image size:
nx = 4032;
ny = 3024;


%-- Various other variables (may be ignored if you do not use the Matlab Calibration Toolbox):
%-- Those variables are used to control which intrinsic parameters should be optimized

n_ima = 25;						% Number of calibration images
est_fc = [ 1 ; 1 ];					% Estimation indicator of the two focal variables
est_aspect_ratio = 1;				% Estimation indicator of the aspect ratio fc(2)/fc(1)
center_optim = 1;					% Estimation indicator of the principal point
est_alpha = 0;						% Estimation indicator of the skew coefficient
est_dist = [ 1 ; 1 ; 1 ; 1 ; 0 ];	% Estimation indicator of the distortion coefficients


%-- Extrinsic parameters:
%-- The rotation (omc_kk) and the translation (Tc_kk) vectors for every calibration image and their uncertainties

%-- Image #1:
omc_1 = [ 2.637750e+00 ; -6.364069e-03 ; 2.777218e-01 ];
Tc_1  = [ -1.282593e+02 ; 1.356410e+02 ; 5.575293e+02 ];
omc_error_1 = [ 8.366201e-03 ; 2.177144e-03 ; 1.083594e-02 ];
Tc_error_1  = [ 2.852001e+00 ; 3.318455e+00 ; 3.915636e+00 ];

%-- Image #2:
omc_2 = [ 3.053573e+00 ; -4.660339e-01 ; -4.584118e-01 ];
Tc_2  = [ -1.620872e+02 ; 2.050681e+02 ; 7.527719e+02 ];
omc_error_2 = [ 9.507485e-03 ; 2.582611e-03 ; 1.200649e-02 ];
Tc_error_2  = [ 3.876675e+00 ; 4.460387e+00 ; 4.758803e+00 ];

%-- Image #3:
omc_3 = [ -2.500611e+00 ; 5.136090e-01 ; 4.019583e-01 ];
Tc_3  = [ -1.731993e+02 ; 1.332280e+02 ; 8.418471e+02 ];
omc_error_3 = [ 6.889710e-03 ; 3.907576e-03 ; 7.689155e-03 ];
Tc_error_3  = [ 4.309669e+00 ; 4.971633e+00 ; 4.920177e+00 ];

%-- Image #4:
omc_4 = [ -2.822396e+00 ; -1.046636e+00 ; -6.796046e-01 ];
Tc_4  = [ -7.784831e+01 ; -6.395583e+01 ; 6.896319e+02 ];
omc_error_4 = [ 7.415735e-03 ; 5.022127e-03 ; 1.137509e-02 ];
Tc_error_4  = [ 3.640946e+00 ; 4.052770e+00 ; 5.088431e+00 ];

%-- Image #5:
omc_5 = [ 3.072433e+00 ; 3.146152e-02 ; 4.312402e-02 ];
Tc_5  = [ -1.425702e+02 ; 1.010320e+01 ; 1.032352e+03 ];
omc_error_5 = [ 2.457414e-02 ; 3.711234e-03 ; 3.407868e-02 ];
Tc_error_5  = [ 5.352744e+00 ; 6.062471e+00 ; 7.613305e+00 ];

%-- Image #6:
omc_6 = [ 2.565844e+00 ; 2.151215e-01 ; 1.301307e-02 ];
Tc_6  = [ -2.338032e+02 ; -4.046188e+01 ; 1.195318e+03 ];
omc_error_6 = [ 9.742719e-03 ; 4.345936e-03 ; 1.319859e-02 ];
Tc_error_6  = [ 6.213594e+00 ; 7.061037e+00 ; 8.266927e+00 ];

%-- Image #7:
omc_7 = [ -2.751029e+00 ; -2.849718e-02 ; -4.318860e-02 ];
Tc_7  = [ -2.466123e+02 ; 5.415721e+01 ; 7.121326e+02 ];
omc_error_7 = [ 9.087476e-03 ; 2.537466e-03 ; 1.052217e-02 ];
Tc_error_7  = [ 3.679845e+00 ; 4.267343e+00 ; 4.363896e+00 ];

%-- Image #8:
omc_8 = [ -2.566780e+00 ; -2.139525e-02 ; -2.158559e-01 ];
Tc_8  = [ -1.350520e+02 ; 3.629198e+01 ; 4.813240e+02 ];
omc_error_8 = [ 6.509783e-03 ; 2.166823e-03 ; 6.375019e-03 ];
Tc_error_8  = [ 2.500952e+00 ; 2.832630e+00 ; 2.810322e+00 ];

%-- Image #9:
omc_9 = [ 2.947777e+00 ; 2.932907e-01 ; 8.451248e-02 ];
Tc_9  = [ -1.455679e+02 ; 6.302864e+01 ; 5.576593e+02 ];
omc_error_9 = [ 1.025229e-02 ; 2.119833e-03 ; 1.369274e-02 ];
Tc_error_9  = [ 2.888681e+00 ; 3.306902e+00 ; 3.657919e+00 ];

%-- Image #10:
omc_10 = [ 2.778617e+00 ; 1.251618e-01 ; 6.161691e-01 ];
Tc_10  = [ -7.795713e+01 ; 4.641536e+01 ; 4.940316e+02 ];
omc_error_10 = [ 7.064324e-03 ; 2.805985e-03 ; 9.228549e-03 ];
Tc_error_10  = [ 2.544792e+00 ; 2.898359e+00 ; 3.599174e+00 ];

%-- Image #11:
omc_11 = [ -2.923028e+00 ; -1.426864e-01 ; -5.879680e-01 ];
Tc_11  = [ -8.350376e+01 ; 5.673648e+01 ; 8.172325e+02 ];
omc_error_11 = [ 9.219184e-03 ; 3.346057e-03 ; 1.268500e-02 ];
Tc_error_11  = [ 4.254203e+00 ; 4.771836e+00 ; 6.035728e+00 ];

%-- Image #12:
omc_12 = [ -2.325482e+00 ; 5.472595e-01 ; 3.030085e-01 ];
Tc_12  = [ -2.276989e+02 ; 1.945191e+02 ; 1.105542e+03 ];
omc_error_12 = [ 7.054872e-03 ; 4.525186e-03 ; 7.824724e-03 ];
Tc_error_12  = [ 5.709223e+00 ; 6.554345e+00 ; 6.693836e+00 ];

%-- Image #13:
omc_13 = [ -2.590341e+00 ; 3.946825e-01 ; 5.326183e-01 ];
Tc_13  = [ -1.414618e+02 ; 9.465832e+01 ; 5.591024e+02 ];
omc_error_13 = [ 6.068399e-03 ; 3.410655e-03 ; 6.775315e-03 ];
Tc_error_13  = [ 2.819329e+00 ; 3.308667e+00 ; 3.103343e+00 ];

%-- Image #14:
omc_14 = [ -2.629576e+00 ; 1.982849e-01 ; 2.399733e-02 ];
Tc_14  = [ -1.183995e+02 ; 9.416892e+01 ; 4.763568e+02 ];
omc_error_14 = [ 6.500780e-03 ; 2.186118e-03 ; 6.164295e-03 ];
Tc_error_14  = [ 2.432884e+00 ; 2.792804e+00 ; 2.773125e+00 ];

%-- Image #15:
omc_15 = [ -2.497518e+00 ; -4.976951e-02 ; -2.401172e-01 ];
Tc_15  = [ -1.173363e+02 ; 8.676013e+01 ; 4.035087e+02 ];
omc_error_15 = [ 6.115265e-03 ; 2.515188e-03 ; 5.643509e-03 ];
Tc_error_15  = [ 2.083095e+00 ; 2.363403e+00 ; 2.360861e+00 ];

%-- Image #16:
omc_16 = [ 2.952271e+00 ; 1.850934e-01 ; -6.055580e-01 ];
Tc_16  = [ -1.199238e+02 ; 2.702291e+01 ; 6.001946e+02 ];
omc_error_16 = [ 7.661370e-03 ; 2.718230e-03 ; 1.051404e-02 ];
Tc_error_16  = [ 3.092725e+00 ; 3.489562e+00 ; 3.335678e+00 ];

%-- Image #17:
omc_17 = [ -2.795381e+00 ; -1.407541e-01 ; -9.108185e-01 ];
Tc_17  = [ -3.312755e+02 ; -1.297428e+01 ; 1.103272e+03 ];
omc_error_17 = [ 1.194200e-02 ; 4.407787e-03 ; 1.607410e-02 ];
Tc_error_17  = [ 6.047272e+00 ; 6.609950e+00 ; 8.751502e+00 ];

%-- Image #18:
omc_18 = [ -2.563089e+00 ; -7.979501e-02 ; -1.002273e-01 ];
Tc_18  = [ -1.662535e+02 ; -4.239104e+01 ; 6.645025e+02 ];
omc_error_18 = [ 7.930985e-03 ; 2.341472e-03 ; 8.848688e-03 ];
Tc_error_18  = [ 3.466023e+00 ; 3.940461e+00 ; 3.818618e+00 ];

%-- Image #19:
omc_19 = [ -2.463976e+00 ; -1.780096e-01 ; -4.816946e-01 ];
Tc_19  = [ -1.010936e+02 ; 6.430282e+01 ; 4.761889e+02 ];
omc_error_19 = [ 6.219733e-03 ; 3.025382e-03 ; 6.162530e-03 ];
Tc_error_19  = [ 2.468968e+00 ; 2.771743e+00 ; 2.891823e+00 ];

%-- Image #20:
omc_20 = [ -2.169082e+00 ; -4.854456e-01 ; -1.009720e+00 ];
Tc_20  = [ -1.045148e+02 ; 3.372701e+01 ; 5.481916e+02 ];
omc_error_20 = [ 5.929259e-03 ; 4.565464e-03 ; 6.085405e-03 ];
Tc_error_20  = [ 2.861078e+00 ; 3.210708e+00 ; 3.641246e+00 ];

%-- Image #21:
omc_21 = [ -2.133606e+00 ; -3.687313e-02 ; -2.809395e-01 ];
Tc_21  = [ -1.853455e+02 ; 9.787511e+01 ; 6.936613e+02 ];
omc_error_21 = [ 6.390310e-03 ; 3.753226e-03 ; 5.643349e-03 ];
Tc_error_21  = [ 3.585808e+00 ; 4.110757e+00 ; 3.981393e+00 ];

%-- Image #22:
omc_22 = [ -2.800737e+00 ; -9.368395e-02 ; -7.435207e-02 ];
Tc_22  = [ -1.400379e+02 ; 8.885429e-01 ; 5.021444e+02 ];
omc_error_22 = [ 8.648141e-03 ; 1.753319e-03 ; 8.992150e-03 ];
Tc_error_22  = [ 2.633226e+00 ; 2.964126e+00 ; 3.088541e+00 ];

%-- Image #23:
omc_23 = [ -2.766284e+00 ; 1.335404e-01 ; 4.460266e-01 ];
Tc_23  = [ -2.281002e+02 ; 4.498687e+01 ; 6.034362e+02 ];
omc_error_23 = [ 6.777046e-03 ; 3.109638e-03 ; 8.694385e-03 ];
Tc_error_23  = [ 3.093920e+00 ; 3.647577e+00 ; 3.575589e+00 ];

%-- Image #24:
